Total counts of 1grams for the fre-all corpus. 2009/07/15. The fields, separated by tabs, correspond to the year, the number of 1grams, the number of pages, the number of books.
1536	4221	28	1
1547	41436	210	1
1574	135412	379	1
1575	18699	90	1
1579	117563	354	2
1581	37378	247	1
1587	111039	395	1
1593	46722	181	1
1595	9471	32	1
1609	162044	586	2
1620	317818	859	1
1625	261174	667	1
1632	26183	80	1
1634	16065	91	1
1635	287588	364	1
1637	95020	287	1
1638	32125	396	1
1639	248943	1212	3
1642	236796	583	1
1643	10239	66	1
1645	140723	616	2
1646	98171	554	1
1649	94580	419	1
1650	333743	864	2
1652	133830	492	2
1653	20032	135	1
1655	130920	425	1
1658	123126	566	2
1659	11351	52	1
1660	509463	1932	5
1663	84870	323	1
1665	25859	285	1
1666	36988	152	1
1668	84022	396	1
1669	52482	233	1
1670	136566	426	1
1671	172184	787	2
1672	215106	863	1
1674	40250	149	1
1676	437346	1650	4
1677	18563	159	1
1678	139014	428	1
1679	234489	952	3
1680	454008	1760	4
1682	52533	236	2
1683	69456	164	1
1685	261177	1142	3
1686	588833	2153	5
1687	244310	910	2
1688	183292	748	2
1689	567893	2417	6
1690	41316	407	1
1692	182517	1106	4
1693	99782	959	2
1695	115209	429	1
1696	69530	360	1
1697	38275	311	1
1698	197870	446	2
1699	173358	655	2
1700	254576	1237	6
1701	350329	1849	6
1702	63367	491	3
1707	186389	610	1
1710	473770	1940	4
1711	76166	846	2
1712	28868	91	1
1713	53439	686	2
1714	174472	1012	3
1715	40466	146	1
1716	501933	2028	5
1718	219890	955	2
1719	438469	2357	7
1720	352156	2113	4
1721	265627	973	3
1722	757413	3081	6
1723	156545	889	2
1724	46711	180	1
1725	172620	1169	3
1726	366420	1133	3
1727	361357	1438	4
1728	410626	1689	4
1730	626698	2740	9
1731	74127	384	1
1732	236635	1015	3
1733	249395	921	3
1734	1605468	6120	13
1735	497752	1761	4
1736	1525943	3437	6
1737	645084	1630	4
1738	364065	1222	3
1740	519894	1850	6
1741	716531	3167	10
1742	386855	1803	7
1743	275290	937	4
1744	551379	1808	8
1745	846375	3825	8
1746	158227	646	4
1747	1363826	4903	13
1748	509344	3013	10
1749	1617779	6451	17
1750	530210	2543	12
1751	1088597	4610	18
1752	671029	2052	6
1753	945137	3558	9
1754	999562	4865	16
1755	1171281	5203	18
1756	1350374	8621	28
1757	655481	3030	13
1758	1687861	5799	19
1759	4237931	12624	26
1760	1034120	3811	11
1761	1159759	3993	11
1762	1164990	4948	15
1763	561543	3036	13
1764	1290813	5200	15
1765	1685632	6981	20
1766	1591750	6375	19
1767	2097362	8356	25
1768	1061927	5906	18
1769	3455817	12522	32
1770	825212	3553	14
1771	1392224	5921	21
1772	1954196	7885	19
1773	1001611	4302	18
1774	5966337	21351	47
1775	2604606	10808	26
1776	4124027	13897	34
1777	3622835	12932	36
1778	4641966	11847	29
1779	11716292	21844	39
1780	2433347	9781	29
1781	2757615	10956	42
1782	12055553	45011	96
1783	5345840	18764	46
1784	10308194	28464	67
1785	8047200	28410	61
1786	6811186	23843	58
1787	11294601	43108	103
1788	19424413	82059	206
1789	14969276	59497	161
1790	14301783	61185	164
1791	20245606	88752	221
1792	23886156	100572	254
1793	10766299	45793	123
1794	9279529	37863	96
1795	30010466	127017	296
1796	17933814	70852	185
1797	21767650	89401	253
1798	24999202	113183	308
1799	27455586	114820	319
1800	39779906	165618	445
1801	56103895	231092	598
1802	48389987	211019	569
1803	57184159	240586	625
1804	39586551	168241	461
1805	54076706	213499	525
1806	36853495	150113	405
1807	47070787	184177	454
1808	70851459	296432	722
1809	51973903	214289	538
1810	58541558	221508	569
1811	46340194	183506	451
1812	49767278	179407	462
1813	37324620	140864	382
1814	34737135	141353	465
1815	46806685	186023	520
1816	56683762	205298	559
1817	75908347	280466	731
1818	95685845	349773	908
1819	126025024	437109	1018
1820	132321033	474521	1119
1821	143570701	503819	1168
1822	149119049	518370	1231
1823	149836750	530926	1242
1824	177705360	630150	1498
1825	167937524	612852	1455
1826	170151576	622674	1479
1827	162238350	570900	1352
1828	151670133	539906	1293
1829	180174774	645996	1510
1830	128886747	462221	1120
1831	73070974	265286	720
1832	89312477	317182	839
1833	99064131	365528	947
1834	136888182	487285	1195
1835	151321259	519789	1212
1836	153490546	522788	1270
1837	147862719	481362	1119
1838	156342302	519105	1250
1839	158459934	506014	1198
1840	171845249	554277	1386
1841	152136797	458556	1142
1842	145645776	454349	1101
1843	161138554	489884	1136
1844	187827307	552697	1299
1845	196086078	597208	1441
1846	186959095	550183	1310
1847	206479598	616129	1423
1848	130923085	357852	931
1849	121500439	373733	983
1850	126884505	373354	1025
1851	166465479	480419	1230
1852	157230243	450758	1120
1853	161810733	480481	1252
1854	207666859	626095	1513
1855	203508777	597620	1443
1856	195968798	577649	1447
1857	229729605	673854	1618
1858	235461160	685271	1672
1859	244458970	692337	1755
1860	252522098	756858	1975
1861	265191700	771340	1985
1862	240734956	727924	1884
1863	224054225	668009	1778
1864	282116847	821967	2080
1865	232998074	689905	1783
1866	252444218	746353	1898
1867	242191370	703965	1852
1868	219515738	640451	1721
1869	222477410	656589	1684
1870	173980840	510294	1293
1871	89021034	275155	825
1872	182912865	539934	1407
1873	164574092	467377	1178
1874	177860250	512568	1276
1875	201687745	593231	1523
1876	195518097	561245	1422
1877	191235387	560088	1413
1878	209606165	582442	1526
1879	199179747	569446	1489
1880	213515981	599820	1595
1881	206940985	584533	1511
1882	217079992	606728	1597
1883	211452289	610480	1613
1884	224951872	641645	1695
1885	207809452	594682	1612
1886	190831102	554237	1543
1887	211758081	610908	1645
1888	219109713	636551	1727
1889	235875198	664894	1744
1890	207972704	590242	1581
1891	205672070	556761	1505
1892	210581619	581050	1599
1893	223433173	612953	1647
1894	234262669	638739	1711
1895	219707614	603614	1637
1896	241507778	642992	1724
1897	218448420	601750	1635
1898	231174180	645625	1776
1899	213698953	591139	1655
1900	258250383	716308	2016
1901	240130264	649925	1777
1902	237830351	656932	1826
1903	253203371	692161	1975
1904	258192590	719086	2069
1905	262028832	705304	1927
1906	253620389	703338	1989
1907	256016601	714359	2047
1908	285131929	803639	2343
1909	165485697	475628	1362
1910	167010641	480464	1402
1911	172184266	498699	1432
1912	179922666	511172	1426
1913	167513728	481271	1406
1914	132120474	382361	1099
1915	58247638	179529	653
1916	80296991	244143	811
1917	86151950	271270	922
1918	79819626	238714	832
1919	89791930	267673	986
1920	120874177	342442	1064
1921	126395510	357892	1147
1922	131437326	371214	1179
1923	145526536	416565	1327
1924	126596078	362362	1194
1925	142512211	405947	1352
1926	144358014	413199	1370
1927	153725760	419706	1414
1928	144465812	419776	1428
1929	154555119	431638	1394
1930	158812802	445651	1416
1931	155192483	418082	1349
1932	146639316	404277	1208
1933	143036292	381332	1194
1934	135433803	362108	1189
1935	133209368	350277	1121
1936	131952456	357094	1172
1937	121751156	327358	1111
1938	129878643	343059	1175
1939	104629221	276129	956
1940	69217251	188813	661
1941	65812077	188355	737
1942	61286366	174733	730
1943	71404006	194814	793
1944	81987036	220408	810
1945	107411947	310642	1395
1946	145999115	390173	1511
1947	168847410	432191	1553
1948	150452312	397692	1428
1949	143718210	376904	1340
1950	160919759	413864	1438
1951	135643350	344550	1178
1952	138774489	355156	1236
1953	150775507	377000	1321
1954	153639784	388640	1389
1955	165844143	416088	1478
1956	171077896	432545	1511
1957	170748278	431442	1495
1958	190825671	478509	1709
1959	224810655	553784	1852
1960	246812172	604375	2037
1961	252710141	635026	2278
1962	276322965	689444	2512
1963	257492806	641421	2256
1964	252645697	642085	2203
1965	265451634	668156	2274
1966	286595560	723182	2562
1967	333058373	849505	2915
1968	382399920	994045	3446
1969	359413225	940312	3439
1970	346050845	883533	3214
1971	291729276	741075	2642
1972	286824349	715904	2584
1973	290040502	727904	2652
1974	293998865	735113	2592
1975	297842838	749264	2712
1976	311608478	760754	2735
1977	323606843	784472	2881
1978	306680377	764211	2796
1979	319448448	799575	2946
1980	355495371	886455	3211
1981	284134490	700795	2665
1982	305182333	742720	2707
1983	296839571	724277	2864
1984	323667508	782504	3089
1985	305951715	733411	2746
1986	288226363	690384	2666
1987	295726924	696560	2736
1988	313301424	755125	2950
1989	356258470	852132	3385
1990	333968836	786591	3091
1991	324819634	767352	2928
1992	354278818	838806	3247
1993	365295307	857063	3260
1994	357351177	842912	3238
1995	367280339	855936	3275
1996	365867416	852364	3367
1997	411618485	953457	3628
1998	429953667	1001187	3871
1999	482503013	1125673	4357
2000	697260168	1627039	6244
2001	729736897	1727473	6669
2002	742477027	1773159	6935
2003	836248563	1985624	7837
2004	701253612	1663606	6417
2005	755441534	1781203	6850
2006	826872323	1969655	7681
2007	703912079	1707737	6802
2008	590655119	1593895	6224
