Total counts of 1grams for the ger-all corpus. 2009/07/15. The fields, separated by tabs, correspond to the year, the number of 1grams, the number of pages, the number of books.
1564	18974	154	1
1645	34655	91	1
1648	607512	1283	2
1659	239229	1100	1
1703	78916	337	1
1707	27087	139	1
1715	28856	109	1
1719	15714	33	1
1727	124601	447	1
1729	271051	857	7
1730	39466	334	1
1741	35187	128	1
1743	327913	839	2
1744	139198	894	3
1745	236285	761	3
1747	60805	333	3
1748	56601	242	2
1749	195842	695	3
1750	21113	186	3
1751	108447	556	2
1752	67513	384	1
1753	24103	110	2
1754	26685	180	2
1755	172536	611	4
1756	494514	2175	5
1757	55627	398	2
1758	603380	2505	9
1759	295453	1408	4
1760	1017235	4322	10
1761	840762	3449	8
1762	397888	1766	4
1763	470431	2193	7
1764	477749	1993	6
1765	286414	1244	6
1766	349252	1617	8
1767	303096	1547	6
1768	540308	2430	11
1769	640252	2414	8
1770	847744	3736	14
1771	399607	1992	9
1772	631354	3056	13
1773	1178675	4982	13
1774	762533	3506	14
1775	743967	3481	15
1776	2257603	9468	22
1777	1545588	6343	17
1778	982429	3679	15
1779	1005271	5640	16
1780	546306	2601	9
1781	795202	3491	19
1782	636520	3097	14
1783	1321434	5749	26
1784	1706889	8735	24
1785	1496219	7482	24
1786	936898	4728	16
1787	1369458	6468	26
1788	454516	2326	11
1789	1343505	6768	28
1790	1306786	5913	22
1791	2593631	11748	31
1792	2220665	10627	36
1793	1996932	9572	32
1794	2451553	11555	39
1795	2770096	14878	43
1796	3478579	16898	55
1797	2740063	13374	41
1798	2877877	14004	49
1799	3635937	17063	46
1800	2694476	12519	38
1801	3876250	18981	56
1802	4952248	26042	87
1803	4273835	20138	60
1804	4104461	21586	77
1805	4790693	23664	82
1806	5770669	29197	84
1807	3521158	16948	60
1808	4760729	21941	69
1809	4548770	21047	63
1810	4875230	23090	62
1811	3593207	16306	53
1812	4225752	20445	59
1813	2425185	11268	47
1814	2781569	13114	55
1815	5860068	26787	81
1816	5023538	23365	80
1817	7486482	33567	111
1818	6334059	26609	84
1819	8713645	36229	114
1820	6942797	30964	92
1821	8534672	32162	103
1822	10433804	42626	122
1823	7927424	31935	116
1824	11413104	47153	144
1825	11768131	43338	119
1826	14468621	54841	153
1827	11367111	42349	141
1828	15175645	60448	174
1829	15684755	59094	172
1830	23609611	92935	263
1831	22827306	81720	228
1832	21816597	72390	221
1833	33535087	125480	323
1834	27434249	94277	265
1835	30323497	103257	304
1836	28614172	103650	301
1837	26327599	92472	300
1838	43368350	147664	381
1839	41157315	136004	377
1840	37973911	123057	356
1841	34937655	115793	313
1842	39774033	135324	398
1843	42447567	138592	431
1844	42399012	136596	425
1845	53371206	169525	497
1846	52935364	173203	497
1847	52943784	174768	506
1848	46306264	150677	540
1849	38798223	130086	457
1850	57005387	192413	608
1851	58725973	192286	583
1852	59421073	189660	545
1853	53480680	163689	525
1854	51646752	158286	501
1855	62260888	184453	551
1856	58591359	181139	547
1857	62267662	193248	578
1858	59569616	178860	580
1859	48892284	153572	516
1860	75371415	228739	729
1861	67356100	212107	706
1862	78209559	238706	754
1863	77308906	229673	733
1864	67356785	202880	656
1865	79342946	233671	696
1866	86797236	247159	741
1867	102793524	306369	912
1868	89525376	265820	859
1869	77687585	223396	759
1870	66005726	192678	608
1871	63301891	185244	603
1872	73983667	217401	712
1873	75562503	223718	744
1874	90056473	259160	792
1875	86731182	257102	829
1876	99484821	285621	897
1877	90718916	267837	890
1878	110977980	318052	977
1879	114466774	332831	976
1880	107890084	307944	958
1881	105690906	300521	998
1882	133204646	376916	1163
1883	100476811	290815	1005
1884	126325028	360189	1097
1885	123374826	344000	1144
1886	119621652	339616	1069
1887	114571986	332020	1111
1888	115235268	339832	1147
1889	114256437	329517	1145
1890	121393904	346386	1219
1891	118414644	343895	1217
1892	142536554	406838	1386
1893	144899479	415776	1348
1894	146991776	416483	1410
1895	140665658	398697	1387
1896	153701113	440531	1556
1897	158667285	444777	1609
1898	163562631	470750	1767
1899	166749361	478123	1854
1900	187167741	545516	2077
1901	200809110	580879	2064
1902	220986451	629700	2307
1903	231677924	668477	2526
1904	250666053	728795	2783
1905	275635009	785706	2895
1906	283962612	799233	3034
1907	289562636	826028	3218
1908	297450300	853517	3351
1909	178682529	513847	2049
1910	179719592	518354	2113
1911	179492608	525032	2094
1912	189039320	542547	2184
1913	196732942	569610	2330
1914	163000557	468945	1945
1915	102947609	299963	1322
1916	93665187	267514	1191
1917	80570838	240465	1104
1918	80524121	236012	1058
1919	104910358	310428	1433
1920	130630460	387621	1595
1921	139019233	396029	1568
1922	168340660	479589	1777
1923	168072549	471840	1531
1924	143007504	407050	1404
1925	175974876	496279	1861
1926	186102430	531859	2230
1927	179119593	516272	2343
1928	181656296	523517	2398
1929	176942319	504841	2398
1930	189721912	536046	2464
1931	166345957	471631	2242
1932	160313236	451962	2240
1933	141820815	396985	2271
1934	142340686	407973	2513
1935	139198391	391071	2149
1936	125690059	363239	1928
1937	140538809	393848	1933
1938	124781000	364510	1713
1939	141503864	405890	1588
1940	87400778	260640	1221
1941	83523456	250542	1137
1942	81297327	253600	1080
1943	97453844	297964	1163
1944	63297515	190531	804
1945	48633796	137414	600
1946	68070073	207492	1096
1947	94098253	275589	1278
1948	107222853	301311	1295
1949	131175963	369880	1465
1950	129406199	349333	1307
1951	130604942	351717	1361
1952	135887346	359245	1305
1953	142433401	379275	1355
1954	153967933	412514	1562
1955	166208662	442671	1576
1956	175189285	455312	1646
1957	195995597	513027	1822
1958	218526286	560789	1936
1959	218232142	584585	2045
1960	233502281	630978	2186
1961	266998907	698965	2478
1962	282378993	747575	2819
1963	282313043	775593	2938
1964	274008303	733844	2683
1965	295456457	801792	2981
1966	304018215	841213	3070
1967	347388755	946881	3440
1968	362946588	992225	3619
1969	366491740	1007843	3772
1970	375126054	1013997	3723
1971	367778618	993680	3553
1972	370399347	976073	3372
1973	372948935	1023822	3497
1974	394984169	1081554	3630
1975	418578790	1136102	3722
1976	407148822	1111121	3735
1977	456488714	1248697	4177
1978	440458382	1212334	4111
1979	467474666	1304418	4515
1980	465001733	1284576	4548
1981	443142831	1229482	4426
1982	447761450	1266066	4661
1983	441301961	1235503	4434
1984	401336536	1074031	3655
1985	359667506	967907	3365
1986	355223341	952302	3288
1987	341863988	923531	3134
1988	378587370	1007863	3463
1989	367359122	981637	3435
1990	366859223	986711	3569
1991	345108396	925602	3349
1992	313361071	829696	3026
1993	354038170	911484	3103
1994	362328863	958009	3449
1995	397639895	1037981	3648
1996	359707813	931079	3272
1997	335254364	871980	3044
1998	320657504	831362	2835
1999	404272454	1048748	3519
2000	557978806	1468763	5154
2001	601566878	1583386	5695
2002	676753421	1799037	6472
2003	790408559	2122591	7660
2004	935145643	2567574	9318
2005	909605536	2468876	8818
2006	966605315	2636810	9278
2007	1108554188	3227150	23592
2008	939154549	2872752	23437
